0001.jpg 51.55006047222222 7.372062027777777 232.988
0002.jpg 51.55004180555555 7.372058305555555 233.046
0003.jpg 51.54994413888889 7.372057777777777 233.07
0004.jpg 51.54981305555555 7.372059416666667 233.165
0005.jpg 51.54963947222222 7.372058444444444 233.144
0006.jpg 51.54944527777778 7.372057555555555 233.148
0007.jpg 51.54925758333333 7.372057444444444 233.195
0008.jpg 51.54906044444444 7.372057611111111 233.228
0009.jpg 51.548867638888886 7.372057555555555 233.26
0010.jpg 51.54867891666667 7.372057611111111 233.293
0011.jpg 51.54848619444444 7.372059527777777 233.174
0012.jpg 51.54829247222222 7.372058916666666 233.19
0013.jpg 51.54813622222222 7.3720578055555555 233.108
0014.jpg 51.54802455555556 7.372076222222222 233.072
0015.jpg 51.54798147222222 7.372142111111111 233.001
0016.jpg 51.54797058333333 7.372244861111111 232.879
0017.jpg 51.547967416666665 7.372411 232.872
0018.jpg 51.54796552777778 7.372551222222222 232.838
0019.jpg 51.54799786111111 7.372645027777778 232.763
0020.jpg 51.54805291666666 7.372676361111111 232.672
0021.jpg 51.54813011111111 7.372677138888888 232.575
0022.jpg 51.54825538888889 7.37267375 232.728
0023.jpg 51.548408277777774 7.37267486111111 232.73
0024.jpg 51.54860158333333 7.372674305555555 232.88
0025.jpg 51.54878655555555 7.372673805555555 232.958
0026.jpg 51.54897505555555 7.372676694444444 233.003
0027.jpg 51.549159499999995 7.372677722222222 232.715
0028.jpg 51.54934763888889 7.372674555555555 232.967
0029.jpg 51.54952375 7.37267486111111 233.081
0030.jpg 51.549702527777775 7.372677555555555 232.876
0031.jpg 51.54987497222222 7.372676805555555 232.925
0032.jpg 51.54998522222222 7.372675527777777 232.95
0033.jpg 51.55005580555555 7.372714888888888 233.005
0034.jpg 51.550083916666665 7.372804555555555 232.968
0035.jpg 51.550087472222216 7.372927222222222 232.794
0036.jpg 51.550093249999996 7.373119833333333 232.94
0037.jpg 51.550074277777775 7.373241333333333 232.856
0038.jpg 51.550022416666664 7.373290333333333 232.988
0039.jpg 51.549943 7.373294 233.062
0040.jpg 51.54982422222222 7.373295222222222 233.116
0041.jpg 51.549667388888885 7.373292444444444 233.184
0042.jpg 51.549476416666664 7.373291805555555 233.244
0043.jpg 51.54927811111111 7.3732927777777775 233.276
0044.jpg 51.54909022222222 7.373292083333333 233.237
0045.jpg 51.54889386111111 7.373291388888888 233.224
0046.jpg 51.548700555555556 7.373291111111111 233.243
0047.jpg 51.54850861111111 7.3732916388888885 233.233
0048.jpg 51.54831683333333 7.373293138888888 233.144
0049.jpg 51.54814397222222 7.3732939166666664 233.096
0050.jpg 51.54801741666667 7.373296888888889 233.061
0051.jpg 51.547963527777775 7.373365138888889 232.861
0052.jpg 51.547950166666666 7.373445972222222 232.751
0053.jpg 51.54794744444444 7.373599166666666 232.75
0054.jpg 51.54794308333333 7.373755222222222 232.849
0055.jpg 51.547964888888885 7.373865083333333 232.878
0056.jpg 51.54801477777777 7.373906694444444 232.818
0057.jpg 51.54808886111111 7.373909749999999 232.694
0058.jpg 51.54820797222222 7.373909583333333 232.835
0059.jpg 51.54834177777778 7.37390925 232.781
0060.jpg 51.54851983333333 7.373909194444444 232.854
0061.jpg 51.54870558333333 7.373909444444444 232.836
0062.jpg 51.54888827777778 7.373909027777778 232.823
0063.jpg 51.54907511111111 7.373908222222222 232.967
0064.jpg 51.54925702777778 7.373908361111111 232.893
0065.jpg 51.54944111111111 7.3739076388888884 232.922
0066.jpg 51.54965847222222 7.373909472222222 232.795
0067.jpg 51.54984608333333 7.373907999999999 232.871
0068.jpg 51.54998066666666 7.3739109166666665 232.837
0069.jpg 51.55008077777777 7.373908138888888 232.896
0070.jpg 51.55010883333333 7.373909138888888 232.968
0071.jpg 51.55011752777777 7.37390961111111 232.889
0072.jpg 51.549161 7.372160999999999 232.512
0073.jpg 51.54912502777778 7.372160361111111 232.472
0074.jpg 51.54899180555555 7.372159666666667 232.496
0075.jpg 51.54878511111111 7.372164416666666 232.503
0076.jpg 51.54852702777777 7.372159055555555 232.613
0077.jpg 51.548232694444444 7.372158944444444 232.758
0078.jpg 51.54794272222222 7.372159777777777 232.848
0079.jpg 51.54765922222222 7.372163083333333 232.878
0080.jpg 51.54738044444444 7.372163 232.81
0081.jpg 51.54719269444444 7.372162444444444 232.813
0082.jpg 51.54708675 7.372223083333333 232.8
0083.jpg 51.54706872222222 7.3723466944444445 232.748
0084.jpg 51.54706477777778 7.372558777777777 232.767
0085.jpg 51.547061944444444 7.372784111111111 232.861
0086.jpg 51.54709002777778 7.372948361111111 232.846
0087.jpg 51.547164555555554 7.372984694444444 232.891
0088.jpg 51.54727161111111 7.37298425 232.865
0089.jpg 51.54749116666667 7.372985555555555 232.935
0090.jpg 51.54773891666667 7.372985083333333 233.013
0091.jpg 51.548012666666665 7.372984305555555 233.036
0092.jpg 51.54829175 7.372981972222222 233.031
0093.jpg 51.548569388888886 7.372983416666666 232.986
0094.jpg 51.54881425 7.3729829166666665 233.187
0095.jpg 51.54901561111111 7.372987027777778 232.895
0096.jpg 51.549137888888886 7.372996611111111 232.887
0097.jpg 51.54919736111111 7.373122333333333 232.99
0098.jpg 51.54920172222222 7.373267583333333 232.912
0099.jpg 51.54921066666667 7.3735559722222215 233.067
0100.jpg 51.549207777777774 7.373716305555555 232.907
0101.jpg 51.54914311111111 7.373805194444444 232.859
0102.jpg 51.54903638888889 7.373807805555555 232.904
0103.jpg 51.54886183333333 7.373806777777777 232.939
0104.jpg 51.54862772222222 7.373806222222222 232.904
0105.jpg 51.54835272222222 7.373807555555556 232.893
0106.jpg 51.548068083333334 7.3738089166666665 232.87
0107.jpg 51.54778022222222 7.373807944444444 232.848
0108.jpg 51.54748219444444 7.373807972222222 232.961
0109.jpg 51.54726183333333 7.373809333333333 232.844
0110.jpg 51.54709497222222 7.373808277777777 232.789
0111.jpg 51.54704838888889 7.373808444444444 232.843
0112.jpg 51.54704127777777 7.373808888888888 232.777
0113.jpg 51.549793055555554 7.370169416666666 232.733
0114.jpg 51.54979386111111 7.3702158055555556 232.698
0115.jpg 51.54979177777778 7.370422694444444 232.671
0116.jpg 51.54979258333333 7.370738138888888 232.649
0117.jpg 51.549792805555555 7.371146944444444 232.666
0118.jpg 51.54979205555556 7.371649194444444 232.71
0119.jpg 51.54979238888889 7.372086861111111 232.784
0120.jpg 51.54979269444444 7.372466388888888 232.862
0121.jpg 51.549793888888885 7.37276211111111 232.88
0122.jpg 51.549763722222224 7.372914944444444 232.764
0123.jpg 51.54968097222222 7.372951027777777 232.744
0124.jpg 51.54955280555556 7.372949944444444 232.757
0125.jpg 51.54939102777777 7.3729505 232.786
0126.jpg 51.54929530555555 7.372881583333333 232.833
0127.jpg 51.54928183333333 7.372738444444444 232.815
0128.jpg 51.54928227777778 7.372513777777777 232.815
0129.jpg 51.54928252777778 7.372178694444444 232.773
0130.jpg 51.549282805555556 7.371771666666667 232.716
0131.jpg 51.549283583333334 7.3713148055555555 232.736
0132.jpg 51.549284166666666 7.370846305555555 232.779
0133.jpg 51.54928477777778 7.370512861111111 232.763
0134.jpg 51.549281944444445 7.37026511111111 232.772
0135.jpg 51.54921125 7.370157833333333 232.822
0136.jpg 51.54911691666666 7.370152805555555 232.888
0137.jpg 51.548970805555555 7.370150972222222 232.988
0138.jpg 51.54882761111111 7.370158916666666 232.959
0139.jpg 51.548774 7.370264416666666 233.028
0140.jpg 51.54877275 7.370417333333333 232.982
0141.jpg 51.54877316666666 7.370677583333333 232.932
0142.jpg 51.54877297222222 7.371045416666666 233.002
0143.jpg 51.54877255555555 7.371468333333333 233.027
0144.jpg 51.548772194444446 7.371920944444444 233.053
0145.jpg 51.54877247222222 7.372336249999999 233.225
0146.jpg 51.548771861111106 7.372664027777778 233.173
0147.jpg 51.54875555555555 7.372892722222222 233.122
0148.jpg 51.548692527777774 7.372951333333333 233.106
0149.jpg 51.548595194444445 7.372952277777777 233.069
0150.jpg 51.54843405555555 7.372951777777778 233.101
0151.jpg 51.54830061111111 7.372926916666667 233.086
0152.jpg 51.54826005555555 7.372808555555555 233.08
0153.jpg 51.5482605 7.372636944444444 233.067
0154.jpg 51.54826086111111 7.372343833333333 233.1
0155.jpg 51.54826144444444 7.371959638888889 233.112
0156.jpg 51.54826141666666 7.371522222222222 233.082
0157.jpg 51.548261555555555 7.371060999999999 233.075
0158.jpg 51.54826244444444 7.370636361111111 233.081
0159.jpg 51.5482635 7.370293527777777 233.022
0160.jpg 51.54826363888888 7.370165805555555 233.134
0161.jpg 51.548266416666664 7.370144416666666 233.248
0162.jpg 51.55091694444444 7.372158388888889 232.677
0163.jpg 51.55077222222222 7.372159277777778 232.7
0164.jpg 51.55056172222222 7.372160361111111 232.698
0165.jpg 51.55029988888889 7.372160777777777 232.687
0166.jpg 51.550014527777776 7.372158777777777 232.765
0167.jpg 51.54972183333333 7.372159666666667 232.849
0168.jpg 51.54942991666667 7.372160111111111 232.866
0169.jpg 51.54918902777778 7.372159083333333 232.938
0170.jpg 51.548981194444444 7.372157916666667 233.027
0171.jpg 51.54888261111111 7.372212194444444 233.127
0172.jpg 51.54886163888889 7.372344999999999 233.002
0173.jpg 51.54885761111111 7.3725177777777775 232.948
0174.jpg 51.548852249999996 7.372779388888889 232.916
0175.jpg 51.54887772222222 7.372942666666666 232.969
0176.jpg 51.548955444444445 7.372981944444444 232.933
0177.jpg 51.549048972222224 7.372980833333333 233.022
0178.jpg 51.54926236111111 7.372979472222222 233.052
0179.jpg 51.54950180555555 7.372979 233.094
0180.jpg 51.5497805 7.372980305555555 233.184
0181.jpg 51.55006502777778 7.372980916666666 233.265
0182.jpg 51.550349222222216 7.372980972222222 233.267
0183.jpg 51.55060819444444 7.372981638888889 233.437
0184.jpg 51.550809916666665 7.372984499999999 233.423
0185.jpg 51.550948416666664 7.373010222222222 233.42
0186.jpg 51.550988499999995 7.373133916666666 233.32
0187.jpg 51.55099244444444 7.373309249999999 233.269
0188.jpg 51.55099986111111 7.3735543055555555 233.274
0189.jpg 51.55099438888889 7.373729972222222 232.998
0190.jpg 51.55092769444444 7.373807583333333 232.869
0191.jpg 51.55081158333333 7.3738086111111105 232.845
0192.jpg 51.55063011111111 7.373807972222222 232.843
0193.jpg 51.550384666666666 7.373805777777777 232.856
0194.jpg 51.54981825 7.3738051111111105 232.807
0195.jpg 51.54952977777778 7.373805138888889 232.929
0196.jpg 51.549235499999995 7.373805777777777 233.101
0197.jpg 51.54902386111111 7.373804833333333 233.081
0198.jpg 51.54887538888889 7.373803388888889 233.171
0199.jpg 51.54884027777778 7.373805555555555 233.18
0200.jpg 51.54883377777777 7.373808888888888 233.095
0201.jpg 51.54979547222222 7.373052444444444 232.978
0202.jpg 51.549792 7.373114138888888 232.964
0203.jpg 51.54979172222222 7.373328888888889 233.212
0204.jpg 51.54979133333333 7.373657694444444 233.311
0205.jpg 51.54979133333333 7.3740615555555555 233.335
0206.jpg 51.549791138888885 7.374509444444444 233.389
0207.jpg 51.549791138888885 7.374978194444444 233.424
0208.jpg 51.54979186111111 7.375356583333333 233.389
0209.jpg 51.54979175 7.375644361111111 233.361
0210.jpg 51.54976144444444 7.3758035 233.247
0211.jpg 51.54968508333333 7.37583975 233.046
0212.jpg 51.549547527777776 7.3758390277777774 232.911
0213.jpg 51.549405 7.375839194444444 232.811
0214.jpg 51.54929969444444 7.375783749999999 232.784
0215.jpg 51.549279166666665 7.375665833333333 232.859
0216.jpg 51.549279694444444 7.375478833333333 232.837
0217.jpg 51.549279722222224 7.3751714999999995 232.926
0218.jpg 51.54927911111111 7.374766749999999 232.968
0219.jpg 51.549279166666665 7.374266916666667 233.012
0220.jpg 51.54927975 7.373804944444444 233.143
0221.jpg 51.549281944444445 7.373453444444444 233.266
0222.jpg 51.54928202777778 7.373181805555555 233.396
0223.jpg 51.549230333333334 7.3730548888888885 233.444
0224.jpg 51.54914597222222 7.373040805555555 233.308
0225.jpg 51.548983694444445 7.373039083333333 233.204
0226.jpg 51.548857444444444 7.373033972222222 233.206
0227.jpg 51.548776249999996 7.373123027777777 233.364
0228.jpg 51.54876908333333 7.373264138888889 233.412
0229.jpg 51.548769444444446 7.373501722222222 233.527
0230.jpg 51.54876955555555 7.373846055555555 233.573
0231.jpg 51.548769444444446 7.374264805555555 233.54
0232.jpg 51.54876972222222 7.374688916666666 233.607
0233.jpg 51.54876936111111 7.375119138888889 233.656
0234.jpg 51.54877119444444 7.375491194444444 233.52
0235.jpg 51.54876183333333 7.375754055555555 233.517
0236.jpg 51.548702 7.375836222222222 233.417
0237.jpg 51.54861366666667 7.375840999999999 233.286
0238.jpg 51.548454166666666 7.375839555555555 233.198
0239.jpg 51.548313361111106 7.375826999999999 232.992
0240.jpg 51.54825997222222 7.375717388888888 233.015
0241.jpg 51.54825883333333 7.375583916666666 232.947
0242.jpg 51.54825869444444 7.375291666666667 232.903
0243.jpg 51.548259083333335 7.374913444444444 232.87
0244.jpg 51.54825955555555 7.374522194444444 232.896
0245.jpg 51.54825894444444 7.374071472222222 232.903
0246.jpg 51.548258527777776 7.3736061388888885 233.084
0247.jpg 51.54825866666666 7.373255277777777 233.089
0248.jpg 51.54825777777778 7.373066722222222 233.166
0249.jpg 51.54825727777778 7.373028944444444 233.171
